00011111111111111111111111111111
00011111111111111111111111111111
01000000000000000000000000000111
01000000000100010000000000000011
01000000010001000000000000000010
00100000001000000001000000000000
00100000000000100001000000000000
00100000000100000010000000000000
10000001001001000000000000000001
10000000001101000000000000000001
00110000100000000000000000000000
00111111010100000000000000000000
00111111011000000000000000000000
00111111011100000000000000000000
00011111111111111111111111111111
00011111111111111111111111111111
00011111111111111111111111111111
00011111111111111111111111111111